3100 3
25.0514	5.7475	
26.6614	7.3414	
25.2653	6.2466	
25.2285	4.7447	
25.7529	5.1564	
24.0785	5.6693	
25.2722	6.8676	
24.6535	6.2443	
26.9834	6.633	
25.7437	6.3179	
26.4774	7.7416	
26.7373	4.4756	
27.1812	6.2972	
25.4999	5.6739	
25.3021	6.1431	
23.3609	5.6601	
25.5482	5.7107	
26.2198	5.7337	
25.884	6.3294	
24.4649	5.7521	
24.7708	6.7572	
25.3274	5.6463	
25.999	4.8551	
25.0238	6.2742	
25.8242	6.7848	
25.4286	6.2834	
27.3445	6.4697	
24.6236	6.1178	
27.126	6.1109	
25.677	5.9085	
25.539	6.3777	
25.0491	6.0603	
26.5924	6.0925	
25.217	7.7531	
25.2492	5.6486	
24.941	5.0184	
25.2814	7.5461	
24.8191	6.1316	
26.0105	6.8377	
25.0215	6.564	
25.1618	6.3064	
25.8955	5.4393	
24.8375	5.4416	
25.4562	6.702	
25.7161	5.5152	
26.7212	4.7424	
24.4649	7.2471	
24.6328	5.3473	
25.7253	6.7296	
27.1168	5.6946	
26.4958	5.9039	
25.1158	6.1914	
25.6103	7.6197	
26.3026	6.7802	
24.7915	6.2627	
25.0997	5.8004	
25.4838	7.0148	
25.4217	7.3138	
27.1306	6.9573	
24.3338	5.1679	
24.6236	5.6877	
25.5183	4.8229	
26.39	7.0401	
24.3039	4.8827	
25.5275	4.9333	
24.8973	7.1919	
24.7731	6.0925	
26.5855	6.8423	
25.6356	5.6371	
26.7718	5.5336	
24.8536	5.5152	
25.8587	5.2208	
25.2538	5.5727	
25.4838	4.9333	
25.5436	5.9844	
23.1838	5.7314	
27.7102	6.2535	
25.1204	4.6504	
25.2538	5.5681	
25.5137	6.357	
27.2249	5.5727	
24.6581	5.9936	
25.1894	5.4991	
25.2446	5.9591	
24.8007	4.4158	
26.275	5.5888	
25.8748	6.5456	
24.6328	6.7503	
24.8766	4.4664	
26.4498	6.6997	
25.148	5.9292	
24.5914	5.8004	
25.6954	5.9867	
26.344	5.9522	
26.8224	5.667	
26.1347	5.0161	
25.263	5.3082	
24.6305	6.8354	
25.8035	6.1937	
26.0243	7.5576	
18.4941	12.5877	
18.1606	12.5486	
17.9628	10.4625	
17.7558	12.1231	
17.4867	10.6626	
16.7139	11.5849	
17.259	11.7482	
17.4959	11.5596	
18.7908	10.497	
18.3607	11.8287	
17.2038	11.7689	
16.96	10.6373	
17.2866	12.2933	
17.3694	11.5596	
17.9858	11.5067	
18.0272	12.6176	
17.1026	13.1719	
17.5212	11.8747	
17.512	10.9915	
16.7898	12.2128	
17.1233	11.6102	
18.6137	11.3802	
16.7714	11.3871	
16.0676	10.8121	
17.8041	11.7022	
17.8984	9.945	
16.638	12.9649	
16.4632	10.658	
18.5125	11.8425	
17.9306	12.1898	
17.6132	13.4686	
16.7392	11.0306	
18.4642	11.7137	
17.3625	12.0035	
17.5557	11.2123	
17.6868	11.4354	
18.5171	9.876	
16.1251	10.6649	
17.5419	11.8885	
17.8961	11.8057	
18.2365	11.7666	
18.1008	11.3641	
18.3653	12.0633	
19.3635	11.6286	
17.9237	11.5573	
16.9853	12.3186	
16.8749	11.5182	
18.0272	11.9621	
17.6293	11.3503	
16.5575	11.3388	
18.2388	11.4676	
17.811	11.4768	
16.1895	9.968	
16.845	12.9235	
17.4637	10.8213	
17.6339	10.8144	
17.4384	12.2128	
17.9421	11.8057	
16.615	12.0702	
15.6398	11.2284	
16.7415	11.8793	
16.8197	12.1162	
15.9181	11.4124	
17.8363	11.8563	
17.696	11.9414	
16.845	10.6672	
18.5378	11.6516	
17.1877	11.9828	
18.4527	11.2468	
16.8956	11.1065	
18.1422	11.9966	
16.8059	11.1318	
17.4913	10.428	
16.3045	10.8765	
17.4453	9.8668	
17.5396	11.4791	
17.7328	11.21	
17.466	10.4234	
18.4803	12.0955	
17.2889	11.7873	
18.3883	10.0025	
17.6523	11.509	
17.4982	11.9552	
17.5948	11.3848	
17.7328	11.6562	
19.3934	12.5601	
17.9651	12.5256	
17.0428	11.3595	
17.6086	11.7206	
18.9817	11.6999	
17.1992	12.5969	
16.9163	11.4929	
17.3096	11.1893	
18.9403	11.6999	
17.098	13.5744	
16.3206	12.0679	
18.4343	12.4474	
18.3124	11.6631	
16.7277	11.6654	
18.2457	13.0201	
8.4155	9.7633	
7.1413	10.3981	
7.691	11.969	
8.6363	9.8139	
7.8704	10.957	
7.2103	11.1249	
7.6289	9.899	
7.5645	8.8824	
7.5967	9.5241	
8.1372	10.3015	
7.8106	11.3227	
8.9514	11.0628	
8.8456	10.3866	
8.6869	11.0007	
7.6611	10.7592	
8.1648	10.3061	
9.1515	10.796	
8.5029	9.1791	
8.1441	10.8443	
9.0756	9.3723	
7.8428	9.9703	
8.8295	10.4648	
8.1993	9.7863	
9.2021	11.0076	
8.1625	10.474	
8.2085	9.9634	
8.8456	11.5619	
9.209	11.0467	
8.588	11.0329	
7.8934	11.3756	
7.898	10.2049	
9.1584	10.8535	
8.9813	9.7127	
8.6271	11.8379	
7.806	11.4975	
7.9233	10.4004	
8.8042	10.3015	
8.8272	11.0283	
9.715	9.9151	
8.3189	9.0365	
9.5954	9.1469	
7.4081	9.8001	
9.0733	8.9307	
7.9118	9.0848	
8.1717	9.0687	
9.393	9.4735	
7.5277	10.6994	
7.3575	10.3268	
10.1635	9.1239	
9.4344	12.3485	
8.8249	9.9335	
7.6979	10.1405	
9.002	11.1433	
7.3253	9.6644	
8.0636	11.1088	
6.8768	10.4303	
7.737	10.3613	
7.0953	11.1433	
9.6023	9.0526	
6.0695	9.669	
7.0815	10.4993	
8.2729	11.1157	
7.5461	10.7178	
9.1837	9.8484	
8.1694	10.7868	
8.9951	9.5678	
7.7324	9.5954	
7.8359	9.4965	
7.9095	9.0066	
7.9969	10.7063	
8.9905	10.8006	
10.4004	9.9749	
8.9215	10.0577	
8.4914	10.2233	
9.5678	10.5683	
8.9491	9.7863	
9.2527	10.8558	
7.7577	9.9749	
9.3102	11.6539	
8.9836	9.7104	
8.6892	9.7219	
7.2816	10.2831	
9.2435	10.6212	
10.1681	9.0802	
8.0314	9.5678	
9.071	10.2187	
8.3557	10.152	
7.8175	8.6938	
9.0089	10.3958	
8.0774	10.6695	
7.3138	11.6608	
8.7927	10.0876	
8.4592	10.3337	
8.6823	9.0986	
9.1722	10.5729	
7.4564	11.325	
8.8019	11.3342	
8.2913	9.4229	
7.7508	10.9478	
7.7945	10.8995	
24.0394	24.6765	
24.6972	24.4442	
23.8945	24.9916	
23.837	24.8536	
26.4199	24.7225	
26.1853	23.7795	
24.9111	24.8168	
23.7197	23.4483	
23.3218	22.9584	
26.4015	24.6006	
25.4332	25.4953	
25.953	26.1692	
24.0486	25.4286	
23.8692	23.8531	
24.3499	25.1388	
24.1498	24.6788	
24.596	24.458	
24.6075	24.6029	
24.9134	24.6052	
24.8513	24.4856	
24.6535	23.0642	
24.0555	24.3729	
23.4437	24.0555	
25.102	25.3205	
24.8536	24.9525	
23.7266	26.1094	
24.8513	23.4322	
25.2009	24.711	
24.1222	24.6926	
24.6903	24.0325	
23.9842	23.3839	
25.5827	23.7864	
24.6397	24.251	
23.8393	24.3154	
25.6678	23.6599	
24.9433	24.0003	
24.7064	24.3476	
24.2441	23.6231	
24.6282	23.423	
23.3218	24.8766	
24.6972	24.5523	
26.0036	25.7782	
26.0404	23.8761	
25.9415	23.883	
23.9359	23.8347	
25.8058	24.6328	
24.9318	23.8623	
25.3021	24.5201	
24.5891	24.297	
23.2873	23.1148	
24.0049	23.9129	
24.9088	24.9295	
24.1475	26.689	
26.4843	23.7105	
25.4447	24.0049	
24.8007	24.5017	
25.9668	25.079	
24.3407	23.5886	
24.3154	24.2188	
25.9944	23.9796	
24.435	24.297	
24.6512	24.9433	
24.4856	23.6553	
25.2308	25.3205	
25.7184	23.9359	
24.5316	23.8071	
24.8996	24.5868	
25.4792	24.1912	
24.665	23.239	
26.1508	24.5753	
25.1135	22.2385	
24.6098	24.7087	
24.3752	24.4787	
26.0772	24.9088	
24.0946	24.4672	
23.4299	25.0652	
24.6581	25.861	
26.712	24.5224	
25.6517	23.9451	
24.8191	24.9778	
24.2855	24.2694	
25.5045	24.5247	
24.8605	23.4437	
25.4401	24.4189	
25.2722	24.7708	
24.7248	24.1107	
24.5914	25.5781	
25.1434	23.7036	
25.0675	24.4925	
24.297	23.975	
23.262	24.7524	
25.6862	23.1999	
25.4953	24.9893	
24.7593	24.366	
24.9709	23.9796	
24.4925	23.7795	
24.3545	24.4028	
24.665	23.6208	
24.7984	24.4787	
25.6632	23.9773	
4.057	21.4519	
5.7912	19.7499	
3.9719	19.8787	
5.3174	18.8092	
5.7406	22.066	
4.9172	20.7688	
4.3951	20.1363	
6.1868	19.2324	
4.8045	21.1989	
6.173	19.3359	
6.7848	21.0448	
4.9218	20.019	
6.0672	19.8695	
6.3248	19.9684	
4.7424	20.41	
4.6665	20.4514	
4.3491	20.2697	
5.0897	19.8902	
5.7498	20.6883	
6.0304	20.1501	
4.2962	20.9275	
4.1973	20.4997	
4.3192	20.1708	
6.1661	21.6704	
5.115	19.7499	
5.0069	20.8263	
5.0621	20.1478	
4.7286	19.2761	
5.3013	19.4233	
5.5704	19.4716	
5.7337	20.502	
7.1321	19.7384	
5.5244	20.4353	
5.3473	20.3893	
5.3588	19.7062	
5.7061	19.214	
6.1638	19.766	
4.931	20.0305	
5.184	20.5963	
5.6256	21.2702	
5.9775	21.4726	
5.4393	19.6602	
6.2673	18.7494	
4.9839	19.5705	
4.7723	19.8373	
5.1334	20.7734	
4.2594	21.0816	
6.012	19.7706	
4.5676	19.9776	
4.2042	20.9942	
5.9016	20.1225	
6.1592	21.0908	
5.4117	19.3405	
4.9724	20.0167	
4.5906	19.3014	
5.4531	20.7067	
7.0355	19.6073	
6.5134	21.4151	
5.3864	20.8355	
4.4756	20.2766	
4.9632	20.1248	
5.2898	19.7545	
3.9604	21.5669	
3.9627	20.8884	
6.1523	18.9058	
5.3105	18.5033	
3.8293	20.8424	
7.2701	20.0558	
3.896	20.065	
4.3376	19.7821	
5.69	18.3952	
5.4623	19.306	
7.231	19.8856	
4.6987	19.5751	
6.6974	20.0121	
6.1247	20.088	
6.4214	20.571	
5.322	19.5705	
4.8758	20.4468	
5.8694	20.3709	
5.7406	21.3898	
6.1753	20.4284	
3.6499	20.364	
5.6233	19.8304	
5.3013	20.2444	
6.2006	20.1892	
5.6463	18.9334	
5.5359	20.801	
5.4209	21.2518	
6.9987	21.7693	
6.3455	20.0834	
4.1904	21.2265	
5.5681	21.0333	
4.793	20.364	
5.5566	20.3778	
5.0552	18.2365	
4.7677	20.5503	
5.7613	19.5889	
2.907	20.5641	
6.5709	20.4031	
28.0805	10.5315	
27.3445	11.2123	
26.8661	10.6672	
26.6476	9.2412	
25.7115	10.0508	
26.367	10.3268	
28.2346	10.4165	
26.6361	9.784	
27.3077	9.2964	
26.7143	9.4712	
25.953	8.2131	
27.3445	9.3769	
26.8615	10.3245	
27.7148	11.1755	
26.4291	10.3912	
25.7598	9.3907	
27.2479	10.1842	
26.9857	10.5453	
26.6338	10.1612	
26.8753	11.2882	
26.6223	10.2762	
26.482	9.6644	
29.5939	9.738	
26.2543	10.3314	
25.2377	9.7081	
26.0312	10.06	
27.9471	11.1686	
26.6154	11.6355	
26.6936	8.9675	
25.8081	9.4574	
27.3169	9.117	
25.5321	10.566	
27.2916	11.9713	
26.7051	11.9782	
26.7626	9.6253	
27.9264	10.7109	
27.0386	10.037	
27.4986	10.4234	
26.1577	9.5632	
26.9213	11.9966	
27.2433	9.1561	
26.6959	10.2394	
27.0708	10.8144	
26.0197	10.9317	
27.2663	11.4952	
27.6136	9.7426	
27.0478	10.2854	
26.873	10.3613	
26.9282	11.3917	
27.6297	10.0209	
27.0869	9.3033	
25.746	11.4331	
25.7598	10.5614	
27.7447	10.9708	
26.988	9.991	
26.7189	10.2624	
26.7718	10.267	
27.402	10.9087	
26.1485	10.6166	
26.9811	10.2969	
26.5694	9.2274	
27.6757	9.5816	
28.1817	10.8673	
26.0726	10.911	
26.5855	10.1451	
27.1375	10.9432	
27.31	9.3401	
27.3123	10.2532	
26.9098	8.2798	
27.0179	9.6023	
28.1518	10.5453	
27.0179	10.6166	
27.8942	10.4786	
27.563	10.2739	
27.0432	9.6	
26.9443	10.865	
26.321	10.5407	
26.4084	12.6866	
27.9287	10.9938	
25.6701	10.9225	
26.7051	10.3406	
27.4296	9.7426	
28	10.8903	
27.3698	10.2279	
26.9052	9.0319	
27.2433	12.5624	
26.1577	10.5292	
27.0823	10.0876	
26.8707	10.3475	
26.3877	9.6989	
26.3831	10.3038	
27.0478	10.4809	
26.7741	8.8272	
26.6131	11.5734	
26.7557	8.8387	
25.7368	9.7403	
26.0956	10.3751	
25.8058	10.635	
26.4245	10.2923	
25.8357	10.451	
19.9339	27.9149	
21.1115	27.2065	
21.3047	25.7023	
20.4514	27.2134	
21.6175	27.3767	
23.2206	26.8247	
21.0655	27.7194	
21.4841	28.1242	
21.5117	27.9517	
23.0182	27.5423	
21.5922	26.873	
22.802	27.3836	
20.847	28.2852	
20.2053	27.6596	
19.6993	27.8827	
22.1603	28.483	
21.7325	27.8804	
22.6525	28.1564	
21.0908	26.436	
20.2076	28.023	
20.686	27.7884	
21.7808	27.8735	
21.6037	28.2461	
21.5485	26.9213	
21.7831	26.7511	
21.7003	27.2571	
22.273	27.7723	
22.5835	26.4222	
21.7785	26.712	
20.0788	26.6177	
22.4202	29.104	
20.5687	27.4618	
20.5273	28.253	
20.8838	27.448	
20.9275	26.0404	
20.7849	26.459	
19.9017	26.2589	
21.7325	26.5901	
20.8999	27.8873	
21.0195	26.505	
21.5485	27.747	
22.1672	26.9926	
21.8268	26.7649	
23.0573	28.5336	
20.6607	26.7902	
21.2794	27.6389	
21.1805	26.8638	
20.7987	27.1421	
21.7624	26.5832	
20.962	27.2042	
21.2909	27.8873	
21.7302	26.0588	
21.6175	27.5538	
20.3617	27.8666	
21.9717	27.4342	
20.7734	29.3754	
20.6791	26.9512	
21.6405	28.5359	
20.732	26.7557	
22.6019	29.4513	
22.3075	26.2497	
20.6354	29.7871	
20.502	27.0478	
20.4077	27.678	
21.2081	27.0915	
21.8636	27.7746	
21.1368	28.2576	
21.8774	27.241	
21.5301	27.517	
19.5222	27.5147	
20.6814	26.8477	
20.3364	27.0018	
20.824	27.954	
20.8723	28.3082	
21.1506	28.1633	
21.468	27.3652	
21.2311	27.0984	
20.9988	27.1329	
22.3029	27.54	
23.1056	27.724	
21.054	28.5819	
21.0241	27.0294	
21.974	27.2042	
21.215	27.241	
22.1189	27.4618	
21.4588	27.4227	
22.0637	27.8965	
21.8222	27.1835	
21.215	27.4181	
21.1667	26.5165	
21.1575	26.7005	
21.4772	27.4848	
21.8107	27.333	
20.7044	27.4411	
21.1506	27.5722	
20.2007	27.0363	
22.8066	27.8321	
20.7849	27.5446	
21.4519	26.85	
20.5296	27.6228	
13.5238	18.1077	
13.7262	18.3699	
13.9792	18.8575	
13.5468	18.8805	
14.016	18.8667	
14.1379	18.9909	
13.8596	18.0525	
12.6291	20.134	
13.8596	18.2733	
14.2391	19.5521	
15.6007	18.9518	
14.0482	17.926	
13.05	18.2342	
13.1995	16.9186	
13.717	18.7103	
14.7221	19.1864	
14.9153	18.1008	
12.9948	20.7136	
13.027	18.3561	
13.9447	17.88	
13.3628	19.2853	
14.4622	19.5912	
15.051	19.007	
14.9521	20.41	
13.3375	19.4164	
13.8849	18.8621	
13.9562	19.5935	
12.9925	20.2927	
15.1637	19.3704	
14.7842	18.2319	
14.3587	18.225	
14.3426	19.7062	
13.349	18.2342	
14.0781	17.9214	
14.1632	18.7816	
15.603	16.9301	
14.3081	17.9881	
13.1052	19.4624	
15.0648	18.6689	
12.8499	19.0645	
14.0344	19.0507	
16.0745	18.1054	
13.7262	19.8465	
12.6498	18.5792	
13.4686	18.892	
14.4484	17.7811	
12.4152	19.2209	
14.2713	18.0893	
13.786	18.5217	
12.6268	19.7108	
14.062	18.7701	
13.2386	19.5958	
13.464	19.3543	
14.1425	19.4003	
14.0689	19.4233	
12.3209	18.0111	
12.8338	18.2204	
14.8716	17.9076	
14.1448	17.9214	
15.5179	18.5286	
15.8629	18.0272	
13.0454	19.0346	
14.5887	17.9467	
14.223	18.0019	
15.3546	19.1772	
14.6002	18.57	
14.637	19.6464	
12.8384	18.984	
13.901	18.1997	
15.2212	19.0461	
13.9792	17.4729	
15.3408	19.3888	
13.3513	18.5585	
12.9097	19.2071	
13.1972	19.4509	
13.3927	17.2521	
12.6245	19.3405	
13.8297	18.9058	
13.4272	17.9743	
13.7515	19.0875	
13.9378	18.6275	
12.5164	17.8248	
12.8545	19.1473	
13.924	19.3888	
14.6485	18.7724	
13.464	18.4964	
13.5192	17.5327	
13.1466	19.1312	
13.3398	19.4417	
13.6963	18.7977	
15.373	19.4371	
14.5105	16.8519	
13.8895	20.4261	
15.2695	18.8069	
13.6273	18.4987	
13.8458	19.3543	
13.188	18.6183	
13.4939	18.3193	
12.8729	18.7103	
14.2897	16.8427	
18.2158	26.4751	
17.9191	25.4401	
19.0139	26.4222	
17.627	26.6982	
18.3354	26.1554	
17.9076	24.964	
17.4798	26.3969	
17.7305	25.3803	
18.7793	25.0997	
18.0479	26.1669	
17.6546	25.6287	
18.0939	26.0542	
19.0277	25.9691	
16.0193	25.7368	
16.6817	26.1117	
18.1169	24.5063	
20.2007	25.7138	
17.6868	25.5206	
16.2171	25.4562	
18.0709	24.9502	
18.5332	27.0064	
18.1123	26.5257	
18.2273	26.4452	
18.8759	25.3987	
18.5654	25.6862	
17.5948	27.4825	
18.0387	25.5459	
17.3694	25.1043	
18.1054	25.9783	
18.0732	25.447	
17.9697	26.8017	
17.0773	26.3302	
16.4287	25.2883	
18.5194	24.7731	
17.8018	26.7097	
17.3303	26.1738	
17.8685	26.7718	
18.0042	25.8012	
18.3952	24.6719	
18.0364	25.7552	
16.7116	26.2106	
18.225	24.5891	
17.4844	25.5735	
18.0801	26.0887	
18.0824	27.6665	
18.5378	25.5252	
18.3607	26.3762	
17.6201	24.5845	
18.0502	25.0261	
17.8179	25.4447	
17.5235	25.5919	
18.8184	25.0537	
18.2894	26.7166	
17.3464	25.2607	
18.3791	25.447	
17.7512	26.7902	
16.5023	25.2423	
19.6924	24.5293	
16.9853	25.3918	
17.2567	25.24	
18.0433	25.8334	
18.0847	25.8288	
17.3441	25.9898	
18.2411	25.0583	
18.6574	26.4521	
18.4366	26.9558	
18.6275	25.3826	
18.3837	24.6167	
17.7742	26.4429	
18.0318	25.1572	
18.1675	25.7506	
18.2365	26.413	
17.6822	24.6949	
16.5897	26.1462	
17.0336	25.3665	
17.2061	24.5753	
18.6091	25.4884	
18.041	25.7575	
17.8708	25.2676	
18.3515	26.6476	
18.8621	25.2055	
16.661	25.447	
18.8184	26.8086	
19.0139	25.4539	
17.8432	25.9622	
18.4067	26.4038	
17.0842	25.424	
18.3055	25.0169	
17.4062	25.9024	
17.144	26.1393	
18.6896	25.5206	
17.512	26.0036	
18.2963	25.3826	
18.0134	26.6706	
17.7558	26.0266	
17.8294	25.746	
17.4752	24.6972	
18.1445	26.0887	
19.1335	26.298	
18.1491	25.7253	
11.9759	20.5894	1
12.061	21.4979	1
12.7027	19.559	1
12.6613	21.0356	1
11.5343	19.5636	1
12.2059	21.5899	1
12.4152	21.9395	1
13.188	22.3167	1
10.7753	21.7808	1
11.9805	21.1069	1
11.2169	22.2454	1
11.0628	21.422	1
12.5187	21.1506	1
11.1134	21.4335	1
11.3066	20.847	1
12.4267	21.1414	1
12.4382	22.0959	1
13.7975	21.3392	1
11.1134	22.0821	1
11.831	21.7072	1
12.7326	22.1971	1
11.5481	21.9809	1
10.681	22.3397	1
13.3099	21.0333	1
12.6475	21.6497	1
12.2404	21.2472	1
11.6309	22.4708	1
11.2537	20.6446	1
12.4428	21.8636	1
11.1341	21.0655	1
11.1088	21.5784	1
13.4801	21.077	1
13.073	21.5301	1
11.5987	20.8263	1
12.0679	20.8286	1
13.2639	21.6405	1
11.5021	21.606	1
12.6935	20.732	1
11.164	21.974	1
12.0081	21.7302	1
11.9759	20.8769	1
13.5422	20.5457	1
11.1594	21.445	1
11.6631	22.4685	1
11.0214	21.6589	1
12.1323	20.9252	1
12.291	21.1368	1
11.0927	21.9234	1
10.8213	20.6561	1
12.774	21.7049	1
12.1714	20.7826	1
13.0983	20.8539	1
12.8223	21.0218	1
11.1111	20.8286	1
12.4221	20.8056	1
12.1806	22.2063	1
11.5343	21.4036	1
12.222	21.5393	1
11.6539	22.1971	1
12.36	20.5779	1
13.3375	21.8245	1
12.3071	20.9252	1
13.487	22.089	1
11.9966	21.4105	1
11.6999	21.0356	1
12.8844	22.0706	1
12.6866	22.0131	1
11.3664	20.9275	1
11.7666	21.4519	1
12.9925	21.3714	1
12.8177	22.1994	1
12.6337	21.8176	1
11.6838	20.9045	1
11.2031	20.6722	1
12.8315	22.0223	1
12.0426	21.215	1
10.0784	21.9855	1
11.3572	23.5587	1
11.3066	21.399	1
12.9235	21.675	1
12.6222	21.6175	1
13.4571	21.1851	1
13.2685	22.1925	1
12.7717	21.0057	1
13.4111	21.8889	1
13.2087	22.2408	1
12.7142	21.1782	1
11.6033	19.4785	1
10.6971	21.5508	1
11.6769	21.4151	1
11.4653	20.9689	1
12.8292	22.986	1
12.452	20.4767	1
11.4906	21.7026	1
11.1939	21.2656	1
11.7413	22.1488	1
12.0472	20.6377	1
11.8862	20.8746	1
12.6291	22.0752	1
11.9943	21.9625	1
23.1976	9.5678	1
22.2224	8.2131	1
23.9842	8.6984	1
23.354	7.7577	1
24.0279	9.853	1
22.9768	8.2591	1
24.4626	9.0089	1
23.7933	8.2821	1
23.0343	8.6892	1
23.2758	8.703	1
22.641	8.4362	1
23.2045	7.9647	1
23.6898	7.2655	1
22.9722	10.1681	1
24.1268	7.8175	1
23.8209	8.1464	1
22.6893	9.2136	1
23.5702	8.0889	1
22.4248	7.6542	1
22.7721	8.151	1
23.9244	9.163	1
22.5743	8.5374	1
22.3259	7.8635	1
22.4639	6.6353	1
23.1953	8.6018	1
23.9129	8.5489	1
23.0297	8.5075	1
23.5127	8.1073	1
23.7496	8.8893	1
23.0182	8.7858	1
23.3908	9.2251	1
22.5007	8.2476	1
22.6203	8.9169	1
21.8958	8.9905	1
22.4133	8.4132	1
22.1465	8.4339	1
24.2119	8.6156	1
24.1498	8.7904	1
23.7818	8.5259	1
24.8122	9.2941	1
22.9147	7.8152	1
24.435	8.5811	1
24.8076	8.2223	1
21.9602	8.3764	1
23.745	9.0848	1
23.2091	8.8939	1
24.2234	7.5461	1
21.8866	8.9652	1
22.5835	8.5029	1
21.7785	7.1482	1
23.8439	7.8911	1
23.4529	9.1998	1
23.5656	8.7375	1
22.0131	8.3603	1
22.3213	9.0112	1
23.9037	7.9808	1
23.5426	8.8778	1
24.3798	8.1648	1
24.6696	8.2039	1
23.3057	8.0613	1
24.389	8.8042	1
23.3218	8.9468	1
23.3632	10.0255	1
24.1935	8.6018	1
23.5472	8.9767	1
21.5761	7.8773	1
23.0389	7.1942	1
22.8572	9.1607	1
22.5398	8.1211	1
22.2523	7.599	1
23.2114	7.967	1
23.2482	9.738	1
23.722	7.9049	1
21.997	10.0048	1
21.9188	9.7058	1
23.1332	8.1395	1
24.0831	8.4914	1
23.2114	8.4109	1
22.8572	7.9302	1
22.6042	8.8387	1
22.5421	9.6506	1
21.3829	8.8571	1
24.8421	9.3861	1
24.1406	8.5305	1
22.5904	8.4201	1
24.7478	7.783	1
22.3282	7.99	1
24.8375	6.7871	1
24.1866	9.1814	1
23.7772	9.6345	1
23.3586	9.9243	1
22.3236	8.1556	1
23.2206	6.8515	1
23.5725	9.2803	1
22.8089	7.9923	1
21.6083	7.2655	1
23.2781	9.0227	1
24.0509	9.324	1
23.2597	8.3741	1
23.4851	8.3074	1
27.6389	14.4967	1
25.9116	14.1609	1
26.5073	14.9268	1
24.826	15.2971	1
25.562	15.1476	1
26.4084	14.6163	1
24.6052	14.9958	1
25.2906	14.9567	1
26.7074	13.8573	1
25.6931	15.4443	1
24.8329	16.0377	1
25.7943	13.947	1
25.1871	14.5128	1
26.2014	13.4732	1
24.4649	14.5496	1
26.4061	14.5312	1
26.6292	16.3804	1
25.4194	14.4622	1
25.4746	13.809	1
26.965	15.0717	1
25.8886	15.2695	1
25.7322	15.6881	1
26.0887	15.8997	1
24.8697	14.6393	1
26.8638	13.9171	1
24.9824	14.9774	1
24.8858	14.3196	1
25.7092	15.0119	1
26.3693	14.5795	1
26.5533	15.0418	1
26.0381	14.3242	1
27.7194	13.7998	1
26.1807	14.8026	1
26.9029	14.6439	1
26.3946	16.7967	1
26.5648	15.603	1
26.1853	16.1872	1
26.4245	14.9176	1
27.3376	14.6301	1
26.1255	13.8918	1
26.0749	14.5151	1
27.6228	15.2741	1
27.0018	14.8417	1
26.1807	15.2396	1
25.6103	13.9378	1
26.7074	15.1568	1
27.0317	14.4323	1
25.8886	14.1954	1
27.5561	13.2133	1
27.1007	14.5243	1
26.9259	15.5639	1
25.2998	13.5905	1
26.0473	13.2018	1
25.9323	14.8486	1
24.2947	13.4318	1
25.7989	14.6715	1
24.8214	13.2777	1
26.39	13.8021	1
26.1462	15.0786	1
27.149	14.3058	1
26.9213	14.5473	1
25.1204	14.2299	1
26.3095	14.5404	1
26.068	14.4392	1
25.3918	13.9976	1
26.5441	14.4852	1
25.8311	15.5202	1
26.9604	14.8486	1
25.3872	15.6628	1
26.3095	15.8422	1
27.1812	16.3298	1
25.2814	14.2299	1
25.4102	14.637	1
26.0634	14.7336	1
25.1089	16.9025	1
26.6614	15.7088	1
26.6384	13.4042	1
26.4383	15.0418	1
26.7534	14.9383	1
25.7805	15.212	1
26.1853	14.4668	1
26.3118	14.5427	1
26.1071	13.4548	1
24.9571	15.0303	1
25.5597	13.9125	1
26.7925	14.2345	1
26.6453	15.3546	1
24.5362	16.9117	1
26.6522	14.2115	1
25.8794	15.0211	1
25.7897	15.1453	1
26.7534	15.6398	1
26.2957	15.5087	1
26.9535	15.5133	1
24.9249	13.7607	1
25.8242	14.6485	1
26.4084	15.2212	1
25.608	15.7548	1
25.3596	14.2069	1
25.3412	13.9631	1
16.2631	10.0255	1
15.7525	9.738	1
16.4425	10.9915	1
16.1205	8.9905	1
16.3252	8.5903	1
16.2079	9.3884	1
14.4116	9.485	1
16.2838	8.841	1
16.9738	9.439	1
16.6932	10.5361	1
14.6439	11.1433	1
17.1141	9.7311	1
15.4558	8.45	1
14.2368	8.9537	1
15.2649	8.2131	1
16.6564	9.9243	1
16.4287	8.9169	1
16.0607	9.1584	1
14.5634	7.2057	1
14.016	10.1267	1
16.2723	9.1032	1
15.442	8.0222	1
16.6794	8.2844	1
15.0372	9.554	1
15.7594	8.4017	1
15.6122	11.8816	1
15.0556	9.4896	1
15.5892	10.2141	1
15.9595	9.3562	1
15.7594	9.6828	1
13.8918	9.2987	1
16.9669	8.519	1
14.5289	8.7306	1
14.6761	7.898	1
15.5409	9.347	1
14.6945	8.6938	1
16.3528	9.8783	1
16.0032	8.6087	1
13.9079	9.0181	1
13.9125	10.6741	1
16.8496	9.5954	1
14.8532	8.9238	1
16.3551	9.9703	1
15.5938	8.5144	1
16.4172	9.14	1
16.3896	8.588	1
14.9268	10.3843	1
17.1348	10.2601	1
16.8312	8.5719	1
15.1729	9.4965	1
15.6421	8.8663	1
15.6099	8.8709	1
14.66	9.6989	1
16.4954	9.3907	1
15.7824	8.5811	1
13.8136	9.5655	1
15.3638	8.9238	1
15.9664	9.991	1
15.3293	8.6685	1
14.9314	7.9095	1
14.384	9.9542	1
14.5887	10.2279	1
15.5984	9.8553	1
16.1297	8.9146	1
15.6881	7.9187	1
15.9595	10.0186	1
15.971	9.623	1
15.4811	9.5816	1
15.6789	8.818	1
15.764	8.9169	1
15.189	9.1975	1
15.0004	9.1791	1
16.4126	9.7656	1
15.7479	9.3424	1
15.1844	9.7311	1
15.2143	10.0071	1
16.2148	8.3258	1
15.6306	9.2182	1
16.5621	9.5034	1
14.9314	9.9887	1
16.0952	9.6184	1
16.0722	9.0227	1
15.9871	9.8139	1
16.1826	8.8962	1
14.4208	9.462	1
15.9756	10.1865	1
15.1246	9.7978	1
16.4931	9.3056	1
17.1187	10.4602	1
15.4696	8.841	1
15.5915	9.3033	1
16.224	8.9514	1
16.0216	9.6667	1
15.5041	10.1865	1
14.9452	8.7697	1
14.4185	9.3102	1
14.7658	8.7237	1
16.3459	8.5696	1
14.6324	8.5857	1
15.5386	9.8139	1
16.6863	13.8642	1
17.8731	15.143	1
15.7617	14.3472	1
16.6334	13.4295	1
16.27	14.8532	1
16.9692	14.7612	1
15.9503	13.7331	1
16.9048	13.8964	1
16.4793	14.9981	1
17.6224	12.9212	1
16.2516	13.2731	1
16.7277	13.8688	1
17.213	14.0137	1
15.4466	14.9981	1
16.0745	14.0022	1
15.7571	15.258	1
15.8629	14.7635	1
16.7944	14.453	1
16.5943	15.511	1
17.1969	14.9521	1
17.3349	15.1798	1
15.5156	14.8808	1
16.3114	14.9521	1
15.9641	15.0694	1
15.8008	14.2437	1
16.6196	13.7768	1
16.431	15.5317	1
16.2171	14.9958	1
15.4397	14.7842	1
16.0768	17.0313	1
16.6679	14.5841	1
17.3924	14.6232	1
15.7985	13.7998	1
16.1734	15.2212	1
15.9733	15.7617	1
16.4149	14.8532	1
16.4103	14.3909	1
16.983	15.7272	1
16.4425	12.935	1
15.603	16.1619	1
15.7732	15.3293	1
15.4765	14.0505	1
16.6196	15.0165	1
15.3086	14.89	1
16.0952	14.3633	1
16.4885	14.683	1
16.1527	14.1218	1
16.2171	15.0303	1
16.4701	14.0137	1
17.7995	14.1218	1
15.6421	14.1678	1
17.2176	14.821	1
16.224	14.5174	1
16.5276	15.1844	1
16.086	14.8785	1
17.466	15.1936	1
14.9406	14.5013	1
15.8721	12.8867	1
16.799	15.6168	1
16.1067	14.4208	1
16.2953	15.2189	1
15.2971	14.6715	1
17.0727	14.3242	1
15.2948	14.7658	1
16.6058	14.9912	1
14.5588	14.4001	1
16.2378	13.8435	1
16.6886	14.7198	1
16.1182	15.2534	1
15.5823	13.8297	1
15.2051	14.039	1
16.0515	14.3081	1
16.6265	15.0855	1
16.2309	14.7497	1
16.1711	14.4208	1
17.3441	15.2258	1
15.5938	15.0487	1
17.9007	14.3127	1
15.4949	15.3385	1
16.3206	16.1596	1
17.2797	14.9268	1
16.4931	14.2437	1
16.661	16.3896	1
16.0101	14.7612	1
16.2746	16.1412	1
17.3027	13.6388	1
16.7875	15.4029	1
15.3431	15.4167	1
16.3597	17.1233	1
16.224	15.4374	1
16.5713	15.2764	1
15.0924	15.9894	1
16.7806	14.6163	1
15.2925	16.4195	1
16.7875	16.0653	1
17.4568	14.2759	1
15.6536	13.4456	1
17.0083	14.1011	1
16.3804	15.0372	1
15.9388	15.1913	1
20.5227	19.4578	1
19.7683	19.9868	1
21.4864	19.7039	1
19.6832	18.3515	1
21.6014	20.4905	1
20.203	19.9592	1
20.6975	19.8258	1
19.6763	19.8626	1
21.1506	20.1294	1
19.6694	19.9776	1
21.3921	19.0691	1
19.7821	20.2237	1
20.4813	19.0162	1
20.1202	19.0737	1
20.7849	20.4767	1
21.3369	19.7177	1
19.3313	19.6372	1
19.7476	19.1013	1
20.9597	18.4619	1
20.6377	19.3934	1
20.8608	18.4711	1
20.3456	19.0553	1
18.6298	19.8051	1
20.5572	19.3589	1
20.8654	20.4491	1
20.2536	19.1036	1
21.2541	22.0591	1
20.9758	19.0944	1
20.9919	20.5618	1
20.7251	19.5429	1
19.3727	19.5659	1
19.7775	18.8828	1
19.6211	19.1266	1
19.536	20.0581	1
20.5089	19.2945	1
21.3346	20.3134	1
19.2715	18.4504	1
19.8971	19.3244	1
21.1161	19.5544	1
20.2789	18.6068	1
20.2973	19.053	1
20.7343	19.95	1
21.2449	20.0374	1
21.5646	20.4031	1
20.3502	19.6694	1
20.3847	19.1197	1
18.9288	19.2853	1
20.7021	19.7545	1
20.4836	19.3175	1
19.4256	19.306	1
19.8258	20.0972	1
19.5682	19.881	1
19.7798	20.1915	1
20.1777	19.1933	1
20.2628	19.6855	1
18.8276	19.4279	1
21.1805	19.2531	1
19.6832	19.0139	1
20.1777	20.0213	1
21.1322	20.8033	1
20.042	20.1915	1
19.7867	20.5963	1
20.9873	19.5958	1
19.9523	18.8046	1
18.9219	18.2756	1
19.7936	19.3244	1
20.8608	19.1979	1
20.2375	20.0328	1
20.6423	20.226	1
20.7826	20.4997	1
20.2375	19.3405	1
20.364	18.2457	1
19.3865	20.4192	1
21.123	19.1059	1
19.3957	21.2173	1
20.1478	18.3768	1
21.2679	19.1979	1
19.7016	17.9766	1
20.6262	18.9932	1
20.6837	20.3916	1
21.1322	19.8557	1
19.9178	19.4279	1
20.3502	20.0949	1
19.2899	20.0949	1
19.7246	19.8971	1
20.5135	19.3405	1
20.939	20.3341	1
19.7798	20.3134	1
19.5567	19.0599	1
20.6998	20.7688	1
21.3852	19.5659	1
21.0402	19.1887	1
21.2633	19.6096	1
20.0811	19.2301	1
20.18	21.3277	1
20.3525	21.1966	1
20.6837	19.8695	1
20.939	20.893	1
19.9385	18.1284	1
19.8833	18.8529	1
8.4086	15.7893	1
9.5218	14.8164	1
8.8341	15.0855	1
9.5586	16.7967	1
8.0567	14.7428	1
9.3378	15.5018	1
7.7416	15.3707	1
8.7375	15.1407	1
7.8704	16.086	1
7.5139	13.8044	1
9.5471	15.0165	1
8.1671	15.3362	1
7.4679	15.0625	1
7.3966	15.8928	1
8.8134	14.2644	1
8.7766	14.7336	1
8.6639	15.8514	1
7.5116	15.1522	1
9.4781	14.5979	1
8.5236	14.3472	1
8.795	15.1867	1
7.6956	16.2148	1
7.8888	15.1039	1
7.8267	15.81	1
9.1515	15.5616	1
9.3884	15.2672	1
8.8686	14.982	1
9.2274	14.8233	1
9.3125	15.3592	1
9.4045	16.2194	1
7.944	13.0891	1
8.9261	14.6508	1
8.5949	15.2028	1
7.8267	15.35	1
7.7094	14.637	1
8.7674	15.2534	1
9.1745	14.7888	1
9.209	14.8049	1
7.3966	16.1987	1
9.6506	15.5685	1
8.3787	14.6278	1
9.8829	14.5289	1
8.3672	14.8762	1
7.9624	16.04	1
9.1584	15.3247	1
7.9302	14.6876	1
8.5535	16.5575	1
8.6639	15.1913	1
9.6874	15.4236	1
8.6133	14.0459	1
7.8428	14.4507	1
8.1809	15.7571	1
8.7904	14.4208	1
9.2757	14.9061	1
8.7237	15.189	1
9.6115	15.6651	1
8.8916	14.6968	1
8.4983	16.224	1
9.2136	13.7607	1
8.7168	14.2437	1
8.9008	16.017	1
7.2448	15.0096	1
8.9514	14.6347	1
8.2614	15.2465	1
8.7191	15.7939	1
9.5333	15.4627	1
9.5563	15.6927	1
8.8157	16.1021	1
8.5627	15.3339	1
8.2959	15.6973	1
8.818	15.4029	1
10.5108	14.9912	1
8.519	14.9751	1
8.933	13.9286	1
8.9445	14.683	1
9.301	16.2976	1
9.5724	15.8836	1
7.5645	15.9089	1
9.7564	14.9153	1
8.1257	15.3546	1
8.6455	16.5483	1
8.8732	15.2258	1
7.783	14.775	1
8.6409	15.9135	1
10.1221	15.1177	1
7.2126	15.488	1
7.8152	15.649	1
9.8185	14.6715	1
9.0388	15.6697	1
9.3125	15.1016	1
7.7462	15.2833	1
7.3713	15.4029	1
9.5563	14.9061	1
8.4316	15.2994	1
8.3603	16.7024	1
8.8088	16.1159	1
9.2941	15.143	1
7.645	14.9452	1
8.059	14.476	1
8.7766	15.3868	1
10.9892	13.0615	1
12.0771	13.7607	1
12.1921	14.6209	1
12.0081	16.1136	1
11.21	14.2874	1
13.1903	13.4502	1
10.4579	13.5376	1
11.4055	15.5892	1
12.3117	13.7078	1
12.2542	15.0901	1
11.785	14.7888	1
11.3181	14.6347	1
12.5486	13.9585	1
11.3043	14.4553	1
11.6562	14.9843	1
11.3664	13.7814	1
11.6447	15.5271	1
10.9478	15.9388	1
12.9649	15.1913	1
11.0904	14.6163	1
11.762	13.4732	1
11.9575	14.5289	1
10.9225	15.0993	1
12.8177	14.7014	1
11.2284	14.6531	1
10.589	14.1379	1
10.842	14.0896	1
11.7459	15.166	1
11.4446	13.0132	1
10.4924	14.5266	1
11.7459	14.154	1
11.1778	14.3702	1
12.3807	13.5951	1
13.0132	14.1954	1
10.8374	14.2989	1
12.4175	13.3053	1
13.1765	14.6922	1
10.9455	14.8854	1
11.9989	13.6756	1
12.1553	14.4047	1
13.1397	14.5427	1
11.3641	15.1913	1
11.5182	15.2626	1
11.5274	15.1131	1
11.6884	15.0119	1
12.6107	14.959	1
11.1686	15.5133	1
12.774	14.4231	1
11.6056	14.66	1
11.8287	15.5363	1
11.5688	15.649	1
12.0909	15.1476	1
10.6741	14.2184	1
11.9966	13.7446	1
11.3526	14.6301	1
11.1111	14.1724	1
12.912	13.878	1
10.4395	14.5565	1
12.5693	14.338	1
11.2767	13.2064	1
12.9074	15.7755	1
10.7776	13.8711	1
11.1778	14.1839	1
11.8264	14.3656	1
12.498	14.5036	1
11.4009	13.6963	1
11.4515	14.3495	1
11.1157	13.2869	1
10.6695	14.2506	1
11.5527	13.8734	1
12.4819	13.6871	1
11.6171	15.718	1
11.7436	13.8964	1
11.4745	13.1673	1
11.5297	14.0528	1
12.0725	13.3904	1
10.7086	15.4696	1
11.6907	14.4438	1
12.9718	15.3362	1
12.0955	12.8568	1
10.129	14.4852	1
10.7408	14.5588	1
12.1714	15.4052	1
11.762	13.9447	1
11.0973	13.1328	1
12.222	14.6623	1
11.7344	14.1402	1
12.4037	14.4093	1
12.1415	15.4742	1
11.3595	14.3817	1
12.6751	14.798	1
11.9644	14.2322	1
13.4203	13.5146	1
11.9414	14.6255	1
11.4055	14.6439	1
10.2233	13.4893	1
11.8356	15.4719	1
11.2836	13.8159	1
10.5476	14.0666	1
11.946	15.0188	1
26.9995	17.3234	1
27.1398	16.4471	1
27.8781	16.7806	1
28.3933	16.822	1
28.621	16.4632	1
28.1495	18.156	1
26.8132	17.7052	1
26.6246	18.0847	1
27.7976	18.2917	1
26.7005	16.9232	1
26.8891	17.0428	1
28.2415	18.3032	1
25.9944	16.6863	1
27.9862	17.3602	1
28.1449	16.5598	1
26.5441	17.3441	1
28.2622	18.8943	1
27.3146	18.0824	1
27.7378	16.9278	1
27.0662	16.6311	1
26.8776	18.6896	1
27.9632	16.0469	1
27.0961	17.3671	1
27.6504	17.1762	1
26.8201	18.823	1
27.1214	18.2595	1
25.8518	18.6183	1
27.7332	16.9968	1
27.0846	17.075	1
27.7884	18.3492	1
28.2898	17.9536	1
27.0478	17.8271	1
28.2139	18.133	1
27.5032	18.3975	1
26.252	18.4389	1
27.1352	18.3906	1
26.9972	17.1831	1
26.9926	17.1923	1
28.3542	16.6564	1
27.6688	16.0009	1
27.885	16.4747	1
27.7056	18.7379	1
25.9139	17.949	1
26.6062	18.2963	1
28.0069	17.9053	1
27.8942	16.9209	1
26.7488	16.0814	1
26.3118	16.2907	1
27.1628	16.73	1
28.4117	18.1192	1
27.0064	18.179	1
26.551	17.6247	1
27.2732	19.5176	1
26.7166	17.5143	1
27.0386	15.8077	1
28.6693	17.4775	1
28.6003	17.8593	1
26.6154	17.7834	1
27.379	17.9076	1
27.4549	17.4959	1
28.1196	18.2365	1
28.1173	17.7259	1
29.2926	17.4614	1
28.6486	16.5667	1
27.2824	17.1394	1
27.5124	17.0313	1
27.1513	17.236	1
26.919	16.27	1
27.7447	16.8749	1
26.6729	17.3441	1
25.8058	17.2751	1
26.1646	15.9687	1
27.4687	15.6329	1
26.9282	18.1146	1
26.1554	17.5764	1
27.0524	17.6385	1
26.6085	18.4205	1
27.6021	18.9288	1
25.677	17.9214	1
26.0565	17.1831	1
27.2111	18.6896	1
27.2686	17.834	1
27.5423	16.4609	1
27.4043	17.0865	1
28.046	18.0456	1
27.6596	16.8726	1
27.5216	16.5345	1
27.2571	16.9623	1
27.0248	17.4913	1
27.4963	17.4062	1
27.563	16.9324	1
28.0161	16.8726	1
26.8201	19.0576	1
26.3371	18.1192	1
25.9208	17.8547	1
27.1352	18.9265	1
25.8311	18.0295	1
27.1881	17.6339	1
27.6435	17.9789	1
25.7897	17.7328	1
11.7735	8.1878	1
12.0909	7.6795	1
11.509	8.7743	1
11.1985	8.3442	1
11.0536	8.289	1
11.3319	8.0452	1
10.6051	6.9044	1
13.0017	6.6192	1
11.5665	8.9905	1
11.7022	8.289	1
12.0794	8.5328	1
11.8379	8.1648	1
10.8443	7.7301	1
11.5849	9.7656	1
12.6751	7.4955	1
11.9966	7.7669	1
12.1576	8.8249	1
12.0357	7.5116	1
10.474	7.9302	1
11.4745	7.415	1
11.4009	8.4086	1
12.3002	8.6248	1
10.4579	9.0204	1
10.9018	9.2573	1
12.3025	7.9969	1
11.2859	8.082	1
12.5118	8.933	1
11.946	6.8607	1
10.4993	8.9307	1
10.8949	9.9036	1
11.1502	8.1924	1
11.3825	8.4086	1
12.337	8.2614	1
10.5384	8.1648	1
11.4699	6.8929	1
12.061	8.3465	1
11.4078	9.1285	1
10.5752	8.5903	1
12.958	7.4817	1
10.8075	7.3046	1
9.9634	7.8497	1
10.9892	9.5747	1
10.98	8.9146	1
10.6741	8.4684	1
11.4952	7.8451	1
11.9345	8.4362	1
12.8131	8.0498	1
12.4382	8.5857	1
12.4152	9.8875	1
10.2693	8.289	1
11.0812	8.4523	1
10.2233	7.576	1
11.3135	9.2159	1
11.7275	7.484	1
11.1571	9.8783	1
11.9943	8.7858	1
13.0109	7.9072	1
10.1796	8.45	1
11.8402	9.0135	1
11.601	8.9813	1
11.6378	8.9629	1
10.7546	8.1694	1
10.2141	7.4058	1
9.6368	8.1947	1
11.3733	8.2315	1
9.7909	9.1561	1
11.647	9.163	1
11.1134	7.2264	1
11.9713	8.1694	1
9.8829	8.772	1
12.2312	8.1809	1
11.8333	7.1689	1
12.1461	7.7554	1
11.5458	7.3667	1
9.0411	8.5466	1
11.0329	7.3391	1
11.5481	8.8617	1
11.9161	8.2246	1
10.1796	7.9578	1
11.8103	8.2269	1
10.9938	8.7145	1
11.7321	7.7577	1
11.0766	9.025	1
11.8816	9.2872	1
10.4924	8.8686	1
11.7919	8.0613	1
12.1967	9.3677	1
10.474	8.588	1
11.3963	7.5185	1
12.0403	7.8911	1
11.3457	8.8111	1
11.67	8.5765	1
11.3641	7.0999	1
10.9064	7.2655	1
11.3802	8.4086	1
10.9501	8.6156	1
11.6631	8.2039	1
11.9851	9.6345	1
12.0587	7.7347	1
10.451	6.84	1
4.3629	28.2208	2
4.3284	26.9972	2
5.5566	27.0041	2
6.3202	27.3445	2
4.4457	27.3008	2
4.5998	26.3762	2
5.2737	27.8206	2
4.8344	27.0524	2
4.908	29.2995	2
7.2264	28.4278	2
4.7447	26.8132	2
5.6762	27.3238	2
5.8924	28.2116	2
5.4048	27.8114	2
4.9034	26.8017	2
4.7677	28.5727	2
6.2673	26.8638	2
6.3616	27.5584	2
6.8492	28.3956	2
6.1983	27.103	2
7.1482	27.9724	2
4.9402	27.2088	2
5.2254	28.5014	2
5.2116	27.6941	2
6.6813	27.5607	2
5.7659	28.1978	2
5.6693	27.0225	2
6.3869	27.2364	2
5.2576	27.5492	2
5.092	27.5538	2
5.3013	27.6251	2
4.149	27.2985	2
5.5267	27.0777	2
5.4324	27.5009	2
5.3519	27.8413	2
5.897	28.5336	2
4.9379	27.7424	2
5.3565	27.1145	2
3.9328	26.7189	2
5.5152	27.747	2
3.7488	26.0611	2
5.989	26.2382	2
6.1845	27.9356	2
4.1329	28.3266	2
5.138	27.678	2
5.8418	27.4595	2
4.6274	28.9177	2
5.644	28.0621	2
4.6251	27.8045	2
5.0345	27.6366	2
5.8993	27.2824	2
6.0626	27.0731	2
4.8321	28.1035	2
5.6808	27.9379	2
5.0966	27.3445	2
6.5939	28.1771	2
4.6458	27.6711	2
4.7999	28.368	2
5.4462	29.2742	2
4.3376	27.3077	2
5.5612	27.6665	2
6.6008	27.8275	2
5.0644	27.5676	2
4.4135	27.2778	2
4.0271	27.2755	2
4.7263	26.3716	2
4.7309	26.7304	2
5.897	29.2558	2
5.0092	27.1651	2
6.2696	27.3215	2
6.4398	27.1329	2
6.1086	27.885	2
5.9269	27.8781	2
6.2719	27.4687	2
5.9729	27.9908	2
5.2599	27.9471	2
4.5676	27.9172	2
6.3156	26.7856	2
4.7447	27.1214	2
4.5561	28.4784	2
5.2001	28.046	2
6.3317	27.4365	2
5.9269	26.9374	2
6.3179	27.7286	2
3.5556	26.9305	2
6.2604	26.6361	2
5.0506	27.5699	2
6.9688	27.563	2
5.6486	27.2042	2
5.5083	27.6642	2
5.5911	28.6877	2
5.5382	27.3008	2
5.1081	27.5147	2
4.3905	27.8252	2
4.8505	27.9793	2
5.4232	27.2709	2
5.7383	27.8551	2
5.9016	27.8045	2
6.5525	26.9374	2
4.3652	25.9622	2
8.772	20.778	2
9.6943	23.1999	2
9.6713	20.6906	2
8.6225	22.2132	2
8.8134	21.1	2
8.3005	21.2426	2
8.8617	21.4059	2
8.6754	19.7982	2
7.1666	20.1018	2
9.3838	21.2357	2
9.0641	21.8015	2
8.5489	21.6405	2
8.8663	20.6929	2
7.4035	20.1777	2
8.6294	23.0297	2
9.2113	21.9556	2
9.2573	22.0246	2
7.5116	22.5421	2
8.9307	22.3121	2
8.9215	21.2863	2
8.9859	19.1082	2
9.3815	21.6796	2
8.151	21.7072	2
8.6317	21.1184	2
8.8318	20.3847	2
8.2315	20.6768	2
7.9509	20.6975	2
8.312	21.3484	2
8.4569	21.3185	2
9.1147	21.5784	2
7.806	22.0729	2
9.6368	21.6888	2
7.6726	22.1212	2
8.9238	20.2444	2
8.7559	21.7716	2
8.9583	20.3226	2
7.829	21.0218	2
9.4459	21.9257	2
9.0733	21.3852	2
7.8152	21.4979	2
8.6409	22.4202	2
8.8364	20.7849	2
7.8474	21.1046	2
7.5668	20.5986	2
9.5563	21.7555	2
9.0526	22.1511	2
9.3125	20.8309	2
8.1119	21.7785	2
9.9197	20.4928	2
9.4597	21.0471	2
9.4781	20.6239	2
10.0048	21.4542	2
8.9169	19.8419	2
8.8042	22.2707	2
9.9749	20.5388	2
7.5576	20.1616	2
7.6611	20.5043	2
9.0825	22.5605	2
8.5834	21.8636	2
9.4505	22.1787	2
8.2315	20.9505	2
7.9923	19.4601	2
8.3925	21.2242	2
8.1073	22.1235	2
7.668	20.3916	2
9.669	20.2674	2
8.6041	21.3622	2
8.611	21.5255	2
7.6427	22.1948	2
8.6938	21.0011	2
6.5617	21.4841	2
9.5333	21.3852	2
8.864	21.5117	2
8.4132	21.1115	2
7.8681	19.4348	2
8.0475	20.0328	2
9.6828	21.5922	2
8.6915	20.3778	2
8.5098	22.0315	2
9.0802	21.5347	2
9.1584	20.9436	2
9.8783	19.5567	2
9.4413	23.055	2
9.3608	20.9551	2
8.4086	20.6354	2
8.8318	21.6129	2
9.1538	21.7509	2
7.8014	22.0361	2
8.45	20.9804	2
7.8359	22.7031	2
7.6726	21.2334	2
8.1602	20.7389	2
8.4201	19.6993	2
9.9197	21.2012	2
10.2716	20.3709	2
8.5351	22.0315	2
9.4965	21.7003	2
9.2343	21.4611	2
8.6593	21.0011	2
8.0268	20.3249	2
14.2138	27.5331	2
14.3173	27.5768	2
15.2074	28.1196	2
14.4737	25.5712	2
14.2276	27.4802	2
13.1742	27.0156	2
14.3679	25.861	2
14.3587	26.7994	2
14.2092	26.1485	2
14.1655	27.2617	2
13.4134	26.7672	2
14.3242	26.6568	2
13.3881	26.0013	2
13.2363	26.1554	2
14.4737	26.965	2
15.4719	26.8868	2
13.7101	26.5119	2
13.7423	25.1411	2
13.901	25.7368	2
14.7819	26.643	2
13.924	25.2906	2
14.8233	26.2842	2
14.0068	28.3795	2
13.464	27.5055	2
15.4466	26.4107	2
14.7359	27.4825	2
14.1885	27.6826	2
14.4691	25.2446	2
15.6881	26.9742	2
13.0753	28.7199	2
13.0477	26.8408	2
14.7451	24.9019	2
14.2598	26.0105	2
14.4254	27.8022	2
12.9051	25.7805	2
14.9406	27.6757	2
13.0615	26.965	2
14.0459	26.3463	2
13.3881	26.1278	2
14.3127	25.9645	2
14.7359	27.5722	2
14.1839	26.3417	2
13.3536	26.3026	2
13.4962	26.5947	2
13.9907	25.6471	2
13.2409	26.8707	2
14.0666	26.9903	2
13.4801	27.5791	2
16.914	26.6821	2
14.5611	26.9167	2
14.4737	26.8224	2
13.8021	26.9673	2
13.1466	26.896	2
13.1627	26.8454	2
15.5961	25.0813	2
14.729	27.4756	2
15.1177	27.7953	2
14.568	25.7483	2
12.6613	26.5349	2
13.9953	26.8615	2
13.6825	26.7695	2
13.2593	27.5952	2
14.2368	26.9742	2
14.1678	26.0542	2
14.6738	27.7746	2
14.2115	25.9898	2
14.1586	25.5413	2
14.3587	26.0542	2
13.4985	27.1513	2
14.0919	26.0703	2
14.6232	26.2865	2
13.9631	27.5032	2
13.855	26.6223	2
13.8412	26.2428	2
14.5059	27.3077	2
14.0873	28.6118	2
13.1742	26.9213	2
13.4686	26.9489	2
14.0804	27.5331	2
14.8854	26.9443	2
13.8136	25.9277	2
14.0919	26.5947	2
14.5289	26.5602	2
14.6807	25.7828	2
15.1476	26.3417	2
15.3868	26.2612	2
13.4548	26.758	2
13.0592	28.0368	2
13.4088	27.1513	2
13.2317	27.8551	2
14.5542	26.1278	2
13.0983	25.2354	2
14.1195	25.7161	2
12.8085	26.574	2
13.2501	26.5096	2
14.7727	26.4866	2
13.4709	27.3031	2
13.7538	27.9471	2
13.7906	26.2635	2
14.4806	27.5561	2
24.435	27.8137	2
25.3136	28.0115	2
26.0795	28.0667	2
23.8025	26.9719	2
25.4148	27.2663	2
24.9663	29.15	2
25.2216	27.1743	2
24.4166	28.5175	2
25.4194	26.6568	2
24.5891	27.4296	2
25.5597	26.9328	2
24.7616	26.4866	2
25.7759	28.6923	2
26.6936	28.1863	2
24.3637	26.8707	2
25.1963	27.2479	2
28.7268	26.7212	2
25.7506	27.0731	2
26.1048	26.1876	2
24.0325	26.4337	2
25.4378	27.5952	2
25.7138	28.7935	2
26.1416	28.5451	2
25.1825	26.3578	2
24.8375	27.8896	2
25.2952	27.057	2
24.5776	27.8206	2
25.1917	27.563	2
24.9341	28.2507	2
23.3747	28.3703	2
25.9599	28.5796	2
24.0601	27.1904	2
25.4815	29.3616	2
24.5385	29.7963	2
26.1899	28.0414	2
24.1291	27.4181	2
24.849	27.5837	2
25.7736	27.4549	2
24.7984	27.4687	2
25.7943	28.4807	2
24.9962	27.8045	2
24.5431	28.6923	2
24.2993	28.5497	2
26.0772	28.7268	2
25.6862	27.7378	2
25.9944	27.0202	2
23.2252	29.2466	2
25.6195	29.8538	2
24.136	28.4922	2
24.9548	28.7107	2
25.2032	28.3381	2
24.2487	27.5078	2
26.4567	29.012	2
25.3389	27.8574	2
26.2635	28.6946	2
25.2883	28.0391	2
26.5119	27.8436	2
25.2262	27.5193	2
25.4171	27.1099	2
25.5712	27.3077	2
26.0634	27.0685	2
24.9571	28.4646	2
25.0997	29.0787	2
25.1687	29.1247	2
24.4005	27.6872	2
26.3831	29.2351	2
25.5114	28.9407	2
24.8559	27.1191	2
24.32	28.0989	2
23.745	27.4066	2
25.5367	27.8045	2
25.4286	28.0506	2
24.9065	26.6867	2
25.5413	28.3427	2
25.884	27.9586	2
27.8666	29.2903	2
26.3302	28.2829	2
25.9622	27.0064	2
25.7414	28.1334	2
23.8485	28.0069	2
25.4976	25.1802	2
24.8996	27.3928	2
25.6701	27.126	2
25.9852	28.5313	2
25.4309	27.8873	2
27.1099	27.0593	2
25.4815	27.2479	2
24.0946	27.0938	2
24.6052	27.655	2
24.8191	25.0031	2
25.2607	27.3514	2
25.3849	29.4375	2
24.2441	27.6481	2
24.6696	26.8523	2
24.228	27.1076	2
25.3711	28.2898	2
24.412	27.4043	2
24.7938	28.7429	2
25.1411	27.0064	2
24.2717	27.6274	2
26.6821	22.9722	2
26.0749	22.4961	2
26.6775	21.4588	2
26.7143	21.8613	2
27.2157	23.9359	2
27.126	21.974	2
27.3537	21.5945	2
27.2824	21.4749	2
26.9581	22.4662	2
27.0432	21.9487	2
26.942	22.342	2
26.3394	23.2551	2
25.3734	21.7762	2
26.2865	21.5646	2
26.8891	21.9648	2
27.103	21.3277	2
27.6159	22.319	2
26.2612	22.4294	2
27.126	20.7527	2
26.5671	21.33	2
26.7488	22.7054	2
26.5165	22.5467	2
26.6292	22.1626	2
27.6941	23.5265	2
26.6108	22.1097	2
27.1421	21.7877	2
26.7051	20.7803	2
27.5883	22.0154	2
25.5252	21.5439	2
26.0588	21.1207	2
26.6752	22.0959	2
26.8339	21.2219	2
27.0202	20.6561	2
26.9351	21.9096	2
26.1876	22.9998	2
27.3238	20.5319	2
26.1002	19.7499	2
25.7713	23.0297	2
26.3578	21.6359	2
26.2566	21.8889	2
27.8689	21.7693	2
27.7263	22.5467	2
26.229	22.0982	2
26.5349	21.9763	2
26.459	22.4087	2
26.4084	21.5577	2
27.1375	22.4524	2
25.0422	23.0872	2
27.3514	20.5894	2
27.793	22.5352	2
26.5119	22.5099	2
27.2387	22.3006	2
25.8196	21.0839	2
26.7212	21.008	2
26.6959	21.6589	2
25.9139	23.2183	2
27.1697	22.112	2
27.2525	21.8613	2
26.2221	21.675	2
26.7925	21.3829	2
26.0542	23.1378	2
27.2548	20.8562	2
26.6545	22.6042	2
26.8224	22.4156	2
27.1076	22.365	2
27.1881	21.6888	2
27.5768	21.5899	2
26.321	22.0292	2
25.4033	22.7284	2
27.0593	21.629	2
27.4135	22.3443	2
26.2175	21.5738	2
27.0225	22.4984	2
27.2571	22.6479	2
25.8679	22.0039	2
27.8367	22.6226	2
26.7051	23.3057	2
28.092	22.8411	2
26.9305	22.4064	2
26.5648	21.1506	2
28.1426	21.4956	2
27.3192	22.4041	2
26.6246	21.2403	2
26.114	21.3047	2
25.4723	22.5513	2
27.4181	21.5715	2
27.2617	20.0374	2
26.6614	21.4542	2
28.5014	21.9326	2
27.0455	22.5789	2
28.1035	21.3898	2
27.103	21.8475	2
26.5487	21.4795	2
26.9006	21.261	2
26.3693	22.6318	2
26.5372	23.3103	2
27.3606	24.0371	2
26.2612	22.6134	2
25.2883	22.1902	2
25.7184	22.4915	2
22.6801	4.5492	2
22.2454	5.8211	2
22.0936	6.1063	2
22.9837	6.2075	2
21.2196	5.7636	2
20.3709	6.0534	2
23.1792	5.0713	2
21.813	7.0953	2
21.5025	5.4853	2
22.9193	4.3583	2
21.3392	5.7406	2
22.3282	5.3519	2
21.8153	5.2323	2
22.2132	4.6412	2
21.4519	4.701	2
22.5651	6.0718	2
21.8659	6.0028	2
22.6755	4.6021	2
20.0857	6.1937	2
20.9988	5.2645	2
22.1925	6.4467	2
22.0982	6.0925	2
22.135	5.9821	2
22.9492	4.6412	2
22.963	4.5193	2
22.1879	5.8441	2
20.8401	5.6946	2
21.6589	6.6928	2
22.1695	5.3703	2
22.158	6.104	2
21.2081	4.8758	2
21.5347	5.2714	2
21.2725	4.5607	2
22.6617	6.4421	2
22.5007	5.3381	2
21.5071	5.0897	2
22.3466	6.1316	2
21.4519	3.8776	2
23.5403	6.1569	2
22.2224	4.6734	2
21.3185	5.9177	2
21.1575	4.8804	2
22.2431	5.3795	2
23.5955	5.3795	2
22.4547	6.2811	2
22.5674	4.7677	2
21.7739	4.0938	2
21.8199	5.8234	2
21.6589	5.4646	2
21.3576	6.4306	2
23.2689	6.0051	2
22.7537	5.5934	2
22.1695	5.7728	2
22.5812	5.0437	2
22.9814	6.8515	2
22.6364	6.8653	2
22.7606	5.9407	2
21.8705	4.1858	2
23.1194	5.621	2
23.0527	5.1702	2
23.0159	5.9131	2
22.0568	5.782	2
21.9027	4.701	2
21.6589	5.8602	2
21.8475	6.7549	2
20.341	5.5658	2
21.8774	5.2231	2
21.8682	4.8482	2
22.0729	5.2691	2
21.9257	5.4048	2
21.5692	4.5561	2
22.2086	5.5221	2
22.5421	5.874	2
20.1501	7.231	2
23.0205	5.2093	2
21.8406	7.001	2
22.5352	5.8878	2
23.2505	5.1886	2
23.6668	7.5024	2
20.7504	5.2898	2
22.4432	4.0892	2
22.2569	5.9798	2
22.2707	5.5773	2
21.859	4.8827	2
22.6456	6.702	2
23.2919	5.1196	2
23.8761	6.3754	2
22.296	6.0051	2
21.8153	6.0718	2
21.7371	5.3979	2
22.6571	5.2806	2
22.3903	6.3869	2
22.2247	5.6302	2
22.2201	5.4071	2
21.2311	5.9867	2
21.767	6.2696	2
21.7233	6.5387	2
22.2569	5.8441	2
21.583	3.7925	2
21.2541	5.5934	2
22.8871	16.8542	2
23.3931	16.4655	2
22.894	15.2833	2
25.5804	15.4167	2
22.5214	15.9871	2
21.7693	16.2194	2
22.4432	14.5703	2
21.9556	16.0653	2
23.8324	17.3993	2
22.3397	16.0078	2
23.6116	16.8404	2
22.8963	16.2585	2
21.8843	16.0285	2
23.0366	15.4144	2
22.8043	15.4052	2
21.7555	15.4144	2
22.6985	16.7001	2
21.7072	15.5754	2
22.4754	15.3063	2
22.9377	16.6817	2
23.3655	15.718	2
23.4782	15.7686	2
23.0274	15.833	2
21.9648	15.6605	2
23.0619	16.1826	2
22.5375	15.9664	2
21.9142	15.9963	2
23.2022	16.4287	2
21.6635	17.351	2
22.8687	15.1568	2
22.963	15.9802	2
23.0596	16.2585	2
24.2096	16.1205	2
23.1654	15.2948	2
21.7072	15.4374	2
23.2712	16.3643	2
22.9193	16.4195	2
21.7509	15.3776	2
22.9354	15.3661	2
20.64	17.1739	2
23.2321	17.7926	2
23.4	18.3929	2
23.0895	16.3666	2
23.5794	16.8703	2
23.2988	16.385	2
23.4759	16.8151	2
22.6594	16.1504	2
23.2321	15.0257	2
22.0706	16.063	2
22.0683	17.2797	2
24.3039	15.4903	2
22.7077	15.3845	2
22.1189	15.8284	2
24.0785	15.2833	2
23.3448	16.4908	2
23.4713	17.6132	2
22.5559	16.73	2
23.5242	15.2971	2
23.1332	16.3298	2
22.1603	16.9531	2
22.963	14.8923	2
23.952	17.282	2
24.1475	16.7208	2
23.0366	15.6743	2
22.3811	15.9434	2
22.227	15.028	2
22.9423	17.213	2
22.3558	16.224	2
22.9584	15.0786	2
23.009	16.7116	2
22.9837	15.8974	2
23.078	16.0699	2
21.3024	17.2314	2
23.0481	16.5184	2
23.0918	15.3592	2
22.7675	17.949	2
22.9308	16.0814	2
22.9906	18.3239	2
22.7491	16.6909	2
21.8383	16.1688	2
24.067	16.6058	2
23.0343	16.7691	2
21.5416	16.1021	2
21.5853	16.3551	2
23.5518	15.8422	2
22.8572	16.2033	2
23.1953	15.7824	2
22.9492	14.7543	2
23.1378	15.9181	2
23.1447	14.9705	2
24.0555	16.5621	2
22.7951	15.5386	2
24.4787	17.9421	2
23.4253	17.1509	2
22.6249	15.419	2
23.1355	15.9756	2
22.825	16.4954	2
24.2257	16.0354	2
23.3149	17.0014	2
23.3931	15.9549	2
22.7215	11.1134	2
24.2441	11.5734	2
23.0159	10.9478	2
22.0867	12.5348	2
23.9543	11.5849	2
21.8222	10.9639	2
24.0417	11.7804	2
22.0499	11.9115	2
22.5191	11.2744	2
22.3903	11.2629	2
22.7606	11.4193	2
22.4938	11.4699	2
22.4432	11.1341	2
23.5541	13.1167	2
22.9791	11.5803	2
22.7652	12.7142	2
20.3709	10.9524	2
23.4253	10.8558	2
22.4455	11.9138	2
23.2436	13.487	2
21.3783	11.8586	2
22.7974	10.7477	2
23.2137	12.5578	2
23.7956	12.9327	2
22.5674	13.0707	2
23.0228	11.9667	2
21.7394	10.7822	2
22.0062	11.5826	2
21.3415	13.1121	2
22.0315	11.5297	2
22.687	10.8949	2
22.1718	12.0035	2
24.0233	13.2179	2
23.5518	12.2174	2
22.9032	11.5274	2
21.6221	12.1691	2
22.6318	10.7615	2
22.2155	12.1599	2
22.273	11.9322	2
23.9175	12.9258	2
22.365	11.8701	2
22.4915	11.7137	2
23.8278	12.7579	2
23.607	12.1553	2
23.308	11.0191	2
23.9451	10.2923	2
22.4064	12.5371	2
22.4984	11.9575	2
21.997	10.8144	2
23.2459	11.8011	2
22.2891	11.9874	2
23.1539	11.417	2
22.8641	13.142	2
21.6336	12.2312	2
23.2252	11.9989	2
22.3719	11.7413	2
23.8577	11.8126	2
23.1792	11.1111	2
21.7187	12.2818	2
23.4483	12.1691	2
23.0826	12.4566	2
23.0044	11.4331	2
21.905	12.4359	2
22.7514	11.2008	2
24.1981	10.8604	2
23.1677	12.3209	2
21.6865	12.2335	2
22.3673	13.2616	2
22.9216	11.6309	2
21.6865	12.0403	2
22.1672	10.8006	2
21.9579	11.3549	2
22.8963	11.7505	2
22.917	11.1272	2
23.2712	12.3209	2
22.7146	12.0081	2
22.0315	12.2726	2
22.2868	10.52	2
22.9308	13.2455	2
21.7808	12.1047	2
23.8094	12.4106	2
22.4639	11.3641	2
22.1557	11.4308	2
22.6686	11.7321	2
22.7123	12.0771	2
23.722	11.7367	2
22.7399	11.5044	2
22.3581	11.6424	2
22.0683	12.2864	2
22.457	11.3158	2
22.5099	12.1093	2
21.8544	11.164	2
22.6157	11.8517	2
24.0946	11.9874	2
22.1994	11.6861	2
23.1723	11.2399	2
22.963	11.9	2
22.411	12.2703	2
23.3218	12.659	2
23.2321	12.0426	2
10.4027	23.6553	2
10.0117	24.0394	2
10.5499	23.9474	2
10.7523	25.4355	2
8.7766	25.2837	2
9.4689	23.4667	2
10.7822	23.3402	2
10.9662	23.8646	2
10.0669	26.0749	2
9.6069	25.0698	2
9.5149	25.0882	2
11.1755	25.9967	2
11.0122	25.3412	2
10.0255	23.9773	2
9.6184	25.3987	2
10.4326	24.5178	2
9.0825	22.135	2
8.6547	24.757	2
10.7776	24.4902	2
9.4114	24.4695	2
10.1796	24.6857	2
10.6787	23.9934	2
11.4814	24.4327	2
9.3999	23.6622	2
10.2762	24.6512	2
10.9202	24.7708	2
9.2458	24.849	2
10.4142	24.5201	2
9.9289	24.7915	2
10.0439	24.3936	2
10.5476	23.6208	2
10.4119	25.9737	2
11.0766	23.8715	2
9.7886	24.5592	2
9.9611	24.4396	2
10.2762	24.4235	2
10.9639	24.964	2
10.5982	24.7616	2
10.1405	23.2942	2
11.3664	23.8531	2
10.3452	24.2947	2
10.3567	24.3867	2
9.9082	24.849	2
9.393	23.239	2
11.7551	23.9796	2
10.1313	25.0284	2
9.8162	23.8945	2
9.4712	24.7915	2
10.175	25.1779	2
10.3452	24.6535	2
9.5839	25.4516	2
9.5103	25.9369	2
10.7155	23.0527	2
9.7679	25.0077	2
11.0099	24.4534	2
10.8903	24.734	2
9.2596	24.2211	2
8.519	22.8986	2
10.612	25.2032	2
10.5522	22.9055	2
11.4009	23.9819	2
10.0002	24.0486	2
11.555	25.0399	2
10.819	24.8168	2
9.6276	24.3108	2
11.0674	24.2165	2
10.9041	24.0095	2
9.1814	25.3895	2
9.8599	24.1199	2
9.922	23.7059	2
10.1244	25.0031	2
9.7472	24.2947	2
11.003	24.2372	2
10.2026	24.1153	2
11.3526	23.5058	2
10.681	23.3356	2
10.5315	24.9571	2
11.0122	25.0905	2
10.3958	23.4368	2
9.8024	23.9704	2
9.8484	23.8393	2
10.5706	23.8761	2
10.1773	24.7271	2
10.819	23.8324	2
11.8563	25.9346	2
10.083	24.1015	2
9.508	23.8439	2
9.5333	24.8697	2
10.4303	23.4759	2
9.1814	24.9732	2
10.5844	23.7749	2
9.485	22.9354	2
10.1796	22.3167	2
10.589	23.8531	2
8.8203	25.0905	2
10.6258	24.2096	2
10.4395	24.0164	2
10.4441	24.0785	2
9.4528	24.5615	2
10.3567	24.3154	2
14.4783	21.7647	2
15.0487	22.5398	2
14.5358	22.388	2
14.7934	23.147	2
15.3822	21.7624	2
16.8105	21.8291	2
16.2838	22.4271	2
16.5644	21.0103	2
16.0653	22.5444	2
16.5874	22.4708	2
15.7042	22.1419	2
17.2015	20.7826	2
15.7318	22.4915	2
15.1269	20.4468	2
15.8468	22.8572	2
15.8353	21.6865	2
16.5874	23.3931	2
14.7865	22.2086	2
14.6968	21.8751	2
15.7042	22.8664	2
14.5174	22.7054	2
15.2672	21.422	2
15.2534	20.9712	2
15.9871	21.9648	2
15.1292	23.0343	2
15.5662	22.6916	2
17.3924	20.8516	2
16.1297	22.1419	2
15.2465	22.1695	2
14.6692	20.8608	2
14.5818	23.2758	2
15.3132	21.5485	2
15.1729	22.8503	2
15.2557	21.2265	2
15.7594	21.7693	2
15.5547	21.9096	2
14.3173	23.2896	2
14.8601	22.2891	2
14.5657	23.1976	2
14.8003	22.2086	2
14.9958	21.8866	2
14.6485	21.1368	2
14.6002	21.8406	2
14.982	21.0034	2
15.1269	21.6566	2
15.3132	22.3558	2
14.9429	21.4496	2
15.4903	21.3415	2
14.6623	21.3277	2
15.0809	22.6709	2
15.0901	21.3346	2
15.7479	22.6985	2
15.9986	22.802	2
15.7502	21.8912	2
15.8882	22.595	2
14.66	22.2569	2
16.1918	21.468	2
15.4489	20.9597	2
14.5519	21.9878	2
15.3799	21.3116	2
16.2401	21.6934	2
17.0106	21.8383	2
14.9291	23.4138	2
15.6467	21.1575	2
15.5018	20.7596	2
15.6421	21.5025	2
15.6352	21.3944	2
15.8008	21.5738	2
14.9314	22.181	2
14.177	21.3622	2
14.3909	22.1925	2
14.9613	21.2081	2
15.6858	21.1207	2
15.8905	21.1069	2
16.1343	21.1414	2
15.8215	22.1373	2
14.4921	21.5531	2
15.8974	21.4841	2
14.2529	21.6911	2
16.4356	23.4874	2
16.0354	23.2482	2
15.8629	23.6714	2
14.3909	21.7141	2
16.6104	20.9459	2
15.6766	22.3811	2
14.8877	21.9073	2
15.4742	21.9694	2
15.8169	21.7762	2
15.5846	22.5053	2
15.1706	21.7762	2
15.3247	22.3926	2
15.879	20.4192	2
14.844	22.0729	2
15.2695	21.4933	2
14.5887	23.3172	2
15.5731	21.2449	2
15.81	21.2794	2
15.6766	22.2086	2
14.9406	22.526	2
13.9999	21.6474	2
6.2144	11.6723	3
5.8073	11.3227	3
5.5474	10.2233	3
3.9811	10.7615	3
5.4117	11.0053	3
4.2272	10.2279	3
6.2282	10.1543	3
4.5929	8.9054	3
5.4991	9.5954	3
4.0708	10.5844	3
3.9788	10.2233	3
4.1237	10.2187	3
4.0616	9.9979	3
4.563	10.7086	3
4.3353	10.1658	3
4.8735	9.8599	3
4.3583	9.3102	3
5.2829	10.1911	3
4.6527	9.4068	3
5.4255	11.8103	3
4.7194	9.5149	3
4.9126	10.589	3
3.8776	10.9777	3
4.6159	10.1152	3
5.2714	9.2826	3
5.2875	10.1497	3
4.954	8.9307	3
4.0662	9.8415	3
4.8758	10.9915	3
6.1316	9.3102	3
4.6596	10.2854	3
5.5773	9.5034	3
5.5474	10.2647	3
4.5653	10.566	3
6.1201	9.4137	3
4.8482	9.3102	3
4.6596	11.0214	3
5.5819	9.9933	3
5.1058	11.5274	3
4.8068	8.1395	3
5.897	10.2325	3
5.4899	10.957	3
4.8781	9.5425	3
4.5354	9.4436	3
4.8827	10.2486	3
6.2673	10.819	3
4.8091	9.6529	3
5.8924	10.6465	3
5.2737	10.98	3
5.2369	9.0848	3
5.9798	9.3447	3
4.7378	10.6833	3
5.644	10.6327	3
4.54	9.278	3
5.2576	10.957	3
4.701	9.1423	3
6.1247	10.6741	3
5.9821	9.4137	3
3.8017	10.704	3
4.1605	10.0416	3
5.4876	10.7247	3
4.2916	9.1492	3
6.081	10.1612	3
5.069	10.8397	3
6.8055	9.4459	3
3.9742	10.1819	3
4.8781	10.2095	3
4.3974	8.7605	3
6.3662	9.4045	3
4.6619	10.4648	3
5.552	9.715	3
4.3974	10.3866	3
5.1196	10.2118	3
5.7222	10.5177	3
4.7033	9.3608	3
4.8965	9.1515	3
5.4692	10.0094	3
6.1109	10.6695	3
4.3422	11.5504	3
5.2484	9.4206	3
4.8574	9.7219	3
5.5566	11.1801	3
5.6578	9.3424	3
4.701	9.8783	3
4.632	11.6723	3
5.0115	10.3981	3
5.6555	10.2969	3
4.9885	10.6557	3
5.7636	10.5085	3
5.483	11.1111	3
5.7935	10.6005	3
5.0092	11.5159	3
4.7976	9.6897	3
5.7222	9.7472	3
6.2144	9.8277	3
5.4899	10.7086	3
5.2323	10.198	3
4.1076	10.7132	3
4.6872	11.7666	3
5.5198	10.1681	3
5.8441	17.3993	3
4.6182	17.7535	3
5.368	17.5005	3
6.0672	15.9986	3
5.8533	16.4103	3
5.4899	17.2774	3
5.6279	16.5667	3
5.0253	18.156	3
6.6882	16.2424	3
5.897	17.3625	3
5.1173	16.7461	3
5.6118	17.3809	3
6.0511	16.1021	3
4.3192	16.661	3
5.9775	17.8248	3
5.9223	16.9899	3
5.7889	16.8933	3
5.5267	16.0883	3
6.7181	17.5971	3
5.4508	15.3776	3
5.7498	17.0014	3
5.7406	15.9641	3
7.0309	16.73	3
5.4117	17.0819	3
4.3307	17.2567	3
5.8993	16.5437	3
6.2075	15.6697	3
6.0741	17.696	3
5.253	16.8128	3
4.5354	15.8491	3
6.1132	16.0446	3
5.2484	17.6615	3
6.6767	15.7387	3
6.1086	17.3855	3
5.7935	17.8478	3
6.1132	16.1872	3
5.8004	15.4972	3
6.7388	17.2337	3
6.1891	18.1169	3
5.0644	17.5649	3
4.8758	16.5598	3
5.0828	17.7834	3
5.7935	17.4499	3
6.7802	16.983	3
4.862	17.1118	3
6.0465	17.5051	3
5.5888	16.3114	3
6.3455	16.8772	3
5.7084	15.7893	3
6.2535	16.4954	3
6.6537	17.0198	3
6.2052	15.6674	3
6.3018	15.7893	3
5.9453	16.7967	3
5.6394	17.9766	3
5.4761	16.9186	3
7.0608	16.086	3
4.7562	17.8777	3
5.4531	17.4154	3
6.1155	16.8772	3
5.9936	17.7029	3
4.8643	16.0814	3
5.4968	16.1826	3
6.0442	17.0934	3
6.3409	17.7857	3
4.7217	16.0055	3
7.0493	16.224	3
5.0552	18.5217	3
5.4416	18.4987	3
6.9872	17.2383	3
5.1311	16.6817	3
7.4311	18.3331	3
6.0879	16.1205	3
5.8878	16.3781	3
6.2121	17.9582	3
6.9849	17.1785	3
5.3542	17.2015	3
7.2149	16.7944	3
6.8906	16.0952	3
5.552	15.557	3
6.0488	16.2102	3
5.7498	16.5069	3
6.3064	16.8243	3
5.3266	16.6725	3
6.4237	17.4706	3
5.1909	16.1458	3
5.8947	16.2677	3
5.4669	17.7489	3
4.816	17.0037	3
5.8901	16.9393	3
6.0419	17.3625	3
6.5456	16.6978	3
6.0626	17.0865	3
5.1219	18.4274	3
7.3414	16.8197	3
5.138	16.615	3
5.736	16.9991	3
5.276	17.2475	3
6.4444	16.2033	3
7.162	18.1836	3
